SPACEBEE-4              
1 43139U 18004AE  22194.46061620  .00052628  00000+0  10584-2 0  9998
2 43139  97.3853 279.0912 0004467 218.8410 141.2519 15.46445404250863
SPACEBEE-3              
1 43140U 18004AF  22194.79836583  .00117245  00000+0  14884-2 0  9998
2 43140  97.3884 283.6371 0004890 206.9169 153.1834 15.59012867251161
SPACEBEE-2              
1 43141U 18004AG  22194.49141572  .00183483  00000+0  17587-2 0  9993
2 43141  97.3895 285.0683 0005869 210.1044 149.9879 15.66049948251218
SPACEBEE-1              
1 43142U 18004AH  22194.79065237  .00445688  00000+0  22055-2 0  9994
2 43142  97.3853 287.5495 0007891 231.2879 128.7684 15.80842601251388
SPACEBEE-7              
1 43816U 18099BL  22194.45921417  .00003970  00000+0  34251-3 0  9996
2 43816  97.6246 262.0482 0013820 161.2125 198.9610 14.97763833196544
SPACEBEE-5              
1 43817U 18099BM  22194.45917584  .00010299  00000+0  79923-3 0  9994
2 43817  97.6380 265.0877 0008233 163.6843 196.4648 15.01523549196672
SPACEBEE-6              
1 43818U 18099BN  22194.46442226  .00006087  00000+0  50815-3 0  9991
2 43818  97.6285 262.9721 0014074 158.8888 201.2919 14.98839502196733
SPACEBEE-21             
1 46300U 20061AE  22194.47192149  .00019855  00000+0  93115-3 0  9996
2 46300  97.4509 266.2402 0002914 108.4503 251.7048 15.19702557102482
SPACEBEE-20             
1 46301U 20061AF  22194.47060984  .00019814  00000+0  92998-3 0  9991
2 46301  97.4531 266.3267 0002900 107.8509 252.3042 15.19674627102489
SPACEBEE-15             
1 46302U 20061AG  22194.15297537  .00023370  00000+0  10628-2 0  9994
2 46302  97.4510 266.2158 0002848 108.7623 251.3922 15.20728928102452
SPACEBEE-19             
1 46303U 20061AH  22194.61650158  .00020974  00000+0  97095-3 0  9999
2 46303  97.4509 266.5297 0002949 107.5859 252.5699 15.20139733102519
SPACEBEE-18             
1 46304U 20061AJ  22194.16474872  .00020790  00000+0  96519-3 0  9993
2 46304  97.4505 266.0495 0002926 107.7519 252.4036 15.20042044102445
SPACEBEE-10             
1 46305U 20061AK  22194.47409389  .00027040  00000+0  11627-2 0  9990
2 46305  97.4519 267.0596 0003027 112.8508 247.3049 15.22615090102538
SPACEBEE-17             
1 46306U 20061AL  22194.16827982  .00022222  00000+0  10155-2 0  9992
2 46306  97.4511 266.2160 0002925 109.0283 251.1269 15.20573410102492
SPACEBEE-11             
1 46307U 20061AM  22194.15921083  .00025785  00000+0  11351-2 0  9995
2 46307  97.4516 266.5488 0002883 110.4625 249.6921 15.21824647102470
SPACEBEE-16             
1 46308U 20061AN  22194.48464711  .00022384  00000+0  10200-2 0  9996
2 46308  97.4514 266.5720 0002860 107.5657 252.5891 15.20670312102505
SPACEBEE-12             
1 46309U 20061AP  22194.46137861  .00023216  00000+0  10329-2 0  9995
2 46309  97.4515 266.7482 0002947 109.6551 250.5003 15.21483658102516
SPACEBEE-13             
1 46310U 20061AQ  22194.42969849  .00022874  00000+0  10271-2 0  9997
2 46310  97.4512 266.6355 0002853 110.2667 249.8876 15.21171001102543
SPACEBEE-14             
1 46311U 20061AR  22194.44416611  .00021872  00000+0  98664-3 0  9994
2 46311  97.4512 266.6218 0002902 109.6528 250.5021 15.21022876102530
SPACEBEE-34             
1 46933U 20085E   22194.68804603  .00093466  00000+0  16373-2 0  9992
2 46933  97.4201 336.2644 0006264 346.4972  13.6110 15.50240804 91710
SPACEBEE-35             
1 46934U 20085F   22194.57388975  .00097230  00000+0  18442-2 0  9992
2 46934  97.4291 335.8545 0006026 339.6152  20.4863 15.47950070 91670
SPACEBEE-36             
1 46935U 20085G   22194.89006913  .00075434  00000+0  14769-2 0  9997
2 46935  97.4321 336.1541 0004672 331.3687  28.7246 15.47125870 91715
SPACEBEE-37             
1 46936U 20085H   22194.90770087  .00054710  00000+0  11902-2 0  9990
2 46936  97.4385 335.7455 0008213 345.0987  14.8573 15.44099833 91686
SPACEBEE-38             
1 46937U 20085J   22194.61089046  .00072053  00000+0  15762-2 0  9995
2 46937  97.4330 335.2283 0007275 347.3326  12.9346 15.43863977 91639
SPACEBEENZ-3            
1 46938U 20085K   22194.35083833  .00023610  00000+0  72918-3 0  9997
2 46938  97.4362 333.0505 0012282 352.7399   7.4218 15.33469370 91457
SPACEBEENZ-4            
1 46939U 20085L   22194.34185464  .00022434  00000+0  70502-3 0  9990
2 46939  97.4407 332.9196 0011645 353.6038   6.5256 15.32933582 91445
SPACEBEENZ-5            
1 46941U 20085N   22194.90259713  .00022752  00000+0  72152-3 0  9990
2 46941  97.4369 333.4022 0011887 355.6589   4.4552 15.32639133 91520
SPACEBEENZ-6            
1 46942U 20085P   22194.60983574  .00021244  00000+0  68139-3 0  9992
2 46942  97.4399 333.0646 0012484 352.2530   7.8559 15.32281919 91478
SPACEBEE-33             
1 46944U 20085R   22194.42799324  .00051893  00000+0  12775-2 0  9999
2 46944  97.4307 333.8632 0007710   3.2581 356.9161 15.40401886 91537
SPACEBEE-29             
1 46945U 20085S   22193.95836487  .00053338  00000+0  12302-2 0  9991
2 46945  97.4268 333.7330 0006818  11.4696 348.6722 15.42372628 91482
SPACEBEE-32             
1 46946U 20085T   22194.84811924  .00048332  00000+0  11712-2 0  9992
2 46946  97.4334 334.3793 0007314 351.1341   8.9816 15.40902842 91609
SPACEBEE-31             
1 46947U 20085U   22194.88156112  .00047898  00000+0  11421-2 0  9991
2 46947  97.4309 334.4872 0008035   8.6250 351.5142 15.41386591 91613
SPACEBEE-28             
1 46948U 20085V   22194.64358558  .00057522  00000+0  13016-2 0  9991
2 46948  97.4333 334.5055 0006823   0.3480 359.8434 15.42923841 91590
SPACEBEE-30             
1 46949U 20085W   22194.90745765  .00058495  00000+0  13649-2 0  9993
2 46949  97.4260 334.5972 0006614 358.7427   1.3804 15.41999691 91626
SPACEBEE-27             
1 46950U 20085X   22194.82365501  .00088165  00000+0  18444-2 0  9997
2 46950  97.4230 334.9874 0006762 359.2459   1.1441 15.45123187 91645
SPACEBEE-25             
1 46951U 20085Y   22193.92744606  .00067626  00000+0  13554-2 0  9991
2 46951  97.4270 334.3851 0006257 359.4762   0.6522 15.46468188 91522
SPACEBEE-24             
1 46952U 20085Z   22194.87174510  .00056277  00000+0  12560-2 0  9994
2 46952  97.4286 334.7912 0005910   5.3745 354.6376 15.43348610 91630
SPACEBEE-22             
1 46953U 20085AA  22194.60349471  .00088628  00000+0  17209-2 0  9996
2 46953  97.4266 335.1124 0006326 358.4308   1.7027 15.47303925 91635
SPACEBEE-26             
1 46956U 20085AD  22194.85573253  .00060695  00000+0  13360-2 0  9991
2 46956  97.4311 334.8122 0006274   7.2258 352.9074 15.43736131 91557
SPACEBEENZ-2            
1 46957U 20085AE  22193.90785480  .00033728  00000+0  10232-2 0  9996
2 46957  97.4395 332.7292 0011152 358.1017   2.0182 15.33977672 91354
SPACEBEE-39             
1 46958U 20085AF  22194.65220180  .00057970  00000+0  13220-2 0  9996
2 46958  97.4319 334.9910 0007426 338.0918  21.9555 15.42683632 90924
SPACEBEENZ-1            
1 46959U 20085AG  22194.16573185  .00026203  00000+0  78032-3 0  9997
2 46959  97.4380 333.1522 0012757 357.7631   2.3602 15.34597517 90929
SPACEBEE-23             
1 46960U 20085AH  22194.33920553  .00078921  00000+0  15873-2 0  9990
2 46960  97.4277 334.7052 0006335   1.5944 358.5324 15.46318358 90718
SPACEBEE-52             
1 47425U 21006N   22194.43833031  .00033362  00000+0  12677-2 0  9995
2 47425  97.4440 256.3204 0012055 168.6595 191.4917 15.26662730 82377
SPACEBEE-46             
1 47426U 21006P   22194.44207744  .00026664  00000+0  10832-2 0  9991
2 47426  97.4428 255.8165 0012322 171.0402 189.1058 15.24475954 82341
SPACEBEE-47             
1 47427U 21006Q   22194.61370395  .00023971  00000+0  98424-3 0  9996
2 47427  97.4431 255.8879 0012355 171.3766 188.7686 15.24138312 81402
SPACEBEE-59             
1 47428U 21006R   22194.38954380  .00024785  00000+0  10280-2 0  9990
2 47428  97.4429 255.5838 0012228 173.6572 186.4822 15.23792317 82320
SPACEBEE-62             
1 47429U 21006S   22194.45113020  .00010416  00000+0  51279-3 0  9997
2 47429  97.4385 254.0692 0013390 175.4614 184.6744 15.18090842 81287
SPACEBEE-61             
1 47431U 21006U   22194.43564129  .00021217  00000+0  98770-3 0  9996
2 47431  97.4465 253.6687 0005825 173.3417 186.7896 15.19932429 82188
SPACEBEE-49             
1 47432U 21006V   22194.14425958  .00020210  00000+0  94674-3 0  9992
2 47432  97.4474 253.3241 0005619 174.6440 185.4856 15.19727253 82137
SPACEBEE-60             
1 47433U 21006W   22194.40180042  .00020371  00000+0  94898-3 0  9990
2 47433  97.4475 253.6088 0005372 172.6418 187.4896 15.19919291 82175
SPACEBEE-53             
1 47434U 21006X   22194.44269091  .00025796  00000+0  11407-2 0  9997
2 47434  97.4486 254.0650 0005401 171.9446 188.1877 15.21661091 82200
SPACEBEE-63             
1 47442U 21006AF  22194.40210108  .00008105  00000+0  43463-3 0  9990
2 47442  97.4421 252.3093 0005973 182.8754 177.2445 15.15214999 81143
SPACEBEE-50             
1 47443U 21006AG  22194.43252557  .00020200  00000+0  94316-3 0  9991
2 47443  97.4467 253.6654 0006026 173.2335 186.8982 15.19839737 81228
SPACEBEE-51             
1 47444U 21006AH  22194.74216189  .00025276  00000+0  10979-2 0  9997
2 47444  97.4395 253.9544 0005870 171.2874 188.8465 15.22274237 81301
SPACEBEE-48             
1 47447U 21006AL  22194.75221687  .00027807  00000+0  11336-2 0  9990
2 47447  97.4380 255.0613 0010038 169.6908 190.4537 15.24372113 81380
SPACEBEE-40             
1 47449U 21006AN  22194.73911197  .00024150  00000+0  10222-2 0  9993
2 47449  97.4379 254.7753 0010172 171.5608 188.5801 15.23131308 81367
SPACEBEE-41             
1 47451U 21006AQ  22194.42414519  .00025176  00000+0  10685-2 0  9990
2 47451  97.4388 254.4680 0010073 172.4009 187.7382 15.23032628 81316
SPACEBEE-42             
1 47455U 21006AU  22194.58701157  .00024289  00000+0  10372-2 0  9995
2 47455  97.4387 254.5816 0009913 172.5063 187.6324 15.22833263 81333
SPACEBEE-55             
1 47459U 21006AY  22194.47054644  .00008582  00000+0  44027-3 0  9992
2 47459  97.4345 252.8674 0011298 185.5490 174.5620 15.16724204 81220
SPACEBEE-54             
1 47460U 21006AZ  22194.39757803  .00024806  00000+0  10605-2 0  9993
2 47460  97.4393 254.4050 0009837 173.7166 186.4196 15.22790885 81300
SPACEBEE-58             
1 47464U 21006BD  22194.74170381  .00023818  00000+0  97706-3 0  9996
2 47464  97.4428 256.0306 0012388 170.8642 189.2823 15.24170135 81420
SPACEBEE-57             
1 47465U 21006BE  22194.41037294  .00008005  00000+0  42988-3 0  9999
2 47465  97.4366 251.8955 0005160 187.7984 172.3169 15.15169789 81149
SPACEBEE-44             
1 47466U 21006BF  22194.44821554  .00022308  00000+0  10097-2 0  9990
2 47466  97.4396 253.4512 0006217 175.0288 185.1011 15.20889837 81249
SPACEBEE-56             
1 47468U 21006BH  22194.42161626  .00021652  00000+0  99226-3 0  9990
2 47468  97.4407 253.3593 0006214 176.1262 184.0023 15.20468218 81239
SPACEBEE-45             
1 47470U 21006BK  22193.91967597  .00027519  00000+0  12478-2 0  9998
2 47470  97.4403 252.9693 0006348 176.8597 183.2679 15.20782158 81162
SPACEBEE-43             
1 47480U 21006BV  22194.44598472  .00022996  00000+0  10381-2 0  9995
2 47480  97.4399 253.4453 0006180 175.2159 184.9136 15.20973851 81245
SPACEBEE-87             
1 47703U 21015E   22194.43165222  .00044052  00000+0  12109-2 0  9992
2 47703  97.4157 272.0410 0005524 346.9039  13.2061 15.37062746 76256
SPACEBEE-86             
1 47704U 21015F   22194.63443773  .00045718  00000+0  12274-2 0  9998
2 47704  97.4143 272.3552 0005557 340.0504  20.0523 15.37786061 76274
SPACEBEE-85             
1 47705U 21015G   22194.17510898  .00050555  00000+0  13532-2 0  9994
2 47705  97.4147 271.8978 0005264 345.4961  14.6132 15.37855670 76229
SPACEBEE-84             
1 47706U 21015H   22194.48868583  .00047265  00000+0  12603-2 0  9998
2 47706  97.4145 272.2404 0005228 343.7217  16.3859 15.37991031 76274
SPACEBEE-83             
1 47707U 21015J   22194.49220346  .00049699  00000+0  13135-2 0  9993
2 47707  97.4136 272.2235 0005131 343.6443  16.4636 15.38253202 76276
SPACEBEE-82             
1 47708U 21015K   22194.48560132  .00050132  00000+0  12945-2 0  9995
2 47708  97.4136 272.3720 0004843 347.2299  12.8822 15.38967972 76289
SPACEBEE-81             
1 47709U 21015L   22193.74083941  .00059056  00000+0  15052-2 0  9998
2 47709  97.4142 271.7000 0004752 347.2707  12.8418 15.39325371 76096
SPACEBEE-78             
1 47710U 21015M   22194.46526769  .00055931  00000+0  13839-2 0  9999
2 47710  97.4138 272.5629 0004416 343.8479  16.2626 15.40247780 76294
SPACEBEE-76             
1 47711U 21015N   22194.44183318  .00065707  00000+0  15619-2 0  9997
2 47711  97.4134 272.7412 0004001 339.8300  20.2788 15.41420551 76307
SPACEBEE-80             
1 47712U 21015P   22194.49879122  .00055569  00000+0  13978-2 0  9999
2 47712  97.4139 272.5171 0004543 345.5457  14.5658 15.39745903 76299
SPACEBEE-77             
1 47714U 21015Q   22194.46735633  .00060077  00000+0  14409-2 0  9996
2 47714  97.4138 272.7164 0004099 340.7754  19.3337 15.41175540 76224
SPACEBEE-79             
1 47715U 21015R   22194.44768786  .00053584  00000+0  13551-2 0  9992
2 47715  97.4165 272.4967 0004721 343.0501  17.0586 15.39590698 76280
SPACEBEE-65             
1 48626U 21006ES  22194.39585614  .00027029  00000+0  11007-2 0  9994
2 48626  97.2062 241.8514 0014002 156.2375 203.9512 15.24367913 81355
SPACEBEE-64             
1 48627U 21006ET  22194.38328356  .00026918  00000+0  10910-2 0  9990
2 48627  97.2059 241.8669 0013925 156.0560 204.1328 15.24528855 81352
SPACEBEE-66             
1 48628U 21006EU  22193.70222907  .00028476  00000+0  11715-2 0  9996
2 48628  97.2063 241.1154 0014002 158.9822 201.1994 15.24013127 81244
SPACEBEE-67             
1 48629U 21006EV  22193.90933143  .00031017  00000+0  12794-2 0  9993
2 48629  97.2061 241.2918 0014016 158.8091 201.3730 15.23906657 81275
SPACEBEE-68             
1 48630U 21006EW  22194.38496096  .00024227  00000+0  10045-2 0  9991
2 48630  97.2060 241.7144 0014201 156.9993 203.1883 15.23780216 81346
SPACEBEE-69             
1 48631U 21006EX  22194.72768341  .00023596  00000+0  98242-3 0  9999
2 48631  97.2059 242.0156 0014294 156.0051 204.1856 15.23643698 81398
SPACEBEE-70             
1 48632U 21006EY  22194.55030374  .00023398  00000+0  97849-3 0  9991
2 48632  97.2060 241.7990 0014447 157.0362 203.1524 15.23494694 81367
SPACEBEE-71             
1 48633U 21006EZ  22194.37692326  .00023410  00000+0  98458-3 0  9995
2 48633  97.2058 241.5765 0014605 157.6692 202.5184 15.23299708 81332
SPACEBEE-72             
1 48634U 21006FA  22194.08160013  .00028176  00000+0  11945-2 0  9996
2 48634  97.2063 241.2231 0014753 158.8986 201.2862 15.22990136 81282
SPACEBEE-73             
1 48635U 21006FB  22194.10114001  .00027220  00000+0  11586-2 0  9996
2 48635  97.2062 241.1994 0014916 159.2773 200.9073 15.22858891 81288
SPACEBEE-74             
1 48636U 21006FC  22194.07857165  .00027129  00000+0  11680-2 0  9991
2 48636  97.2063 241.0811 0015134 160.0342 200.1491 15.22468388 81275
SPACEBEE-75             
1 48637U 21006FD  22194.70212376  .00020168  00000+0  87513-3 0  9996
2 48637  97.2057 241.6044 0015473 158.2472 201.9425 15.22258503 81364
SPACEBEENZ-10           
1 48882U 21059D   22194.83197506  .00014899  00000+0  73047-3 0  9998
2 48882  97.5561 324.6277 0007924  28.9871 331.1801 15.18200043 57950
SPACEBEE-100            
1 48883U 21059E   22193.88205671  .00011201  00000+0  58370-3 0  9992
2 48883  97.5578 323.3313 0008727  27.3691 332.8000 15.16123665 57783
SPACEBEE-101            
1 48884U 21059F   22194.81395280  .00008856  00000+0  46413-3 0  9990
2 48884  97.5584 324.2471 0008542  28.0747 332.0945 15.15992236 57924
SPACEBEE-102            
1 48886U 21059H   22194.34333813  .00009216  00000+0  48194-3 0  9993
2 48886  97.5582 323.7977 0008625  28.9806 331.1904 15.16056746 57851
SPACEBEENZ-9            
1 48887U 21059J   22194.30551306  .00015401  00000+0  75533-3 0  9999
2 48887  97.5555 324.0980 0007961  30.6595 329.5103 15.18180903 57876
SPACEBEE-103            
1 48888U 21059K   22194.05221691  .00011793  00000+0  61194-3 0  9991
2 48888  97.5581 323.5749 0008693  27.0201 333.1482 15.16258967 57819
SPACEBEENZ-7            
1 48889U 21059L   22194.33776441  .00014388  00000+0  70250-3 0  9997
2 48889  97.5574 324.3085 0008475  29.9002 330.2715 15.18347864 57883
SPACEBEE-104            
1 48890U 21059M   22194.08239724  .00010265  00000+0  53280-3 0  9993
2 48890  97.5578 323.5089 0008736  30.3142 329.8594 15.16288533 57812
SPACEBEENZ-8            
1 48891U 21059N   22194.34032265  .00014274  00000+0  69822-3 0  9997
2 48891  97.5576 324.3042 0008517  29.6504 330.5211 15.18285785 57889
SPACEBEE-106            
1 48893U 21059Q   22194.31007773  .00010093  00000+0  52553-3 0  9990
2 48893  97.5599 323.9393 0009166  27.8064 332.3657 15.16176322 57857
SPACEBEE-107            
1 48894U 21059R   22193.95364109  .00012450  00000+0  64068-3 0  9992
2 48894  97.5604 323.6478 0009021  28.6773 331.4954 15.16538029 57803
SPACEBEE-108            
1 48895U 21059S   22194.30665895  .00009931  00000+0  51719-3 0  9998
2 48895  97.5597 323.9267 0009278  27.2453 332.9265 15.16174113 57854
SPACEBEE-105            
1 48896U 21059T   22193.89895551  .00012624  00000+0  65702-3 0  9996
2 48896  97.5578 323.2903 0008631  20.4411 339.7165 15.16138269 57783
SPACEBEE-109            
1 48897U 21059U   22194.81971790  .00009934  00000+0  51341-3 0  9994
2 48897  97.5604 324.4647 0009286  24.4681 335.6990 15.16443009 57931
SPACEBEE-110            
1 48899U 21059W   22194.30405476  .00010833  00000+0  55517-3 0  9992
2 48899  97.5605 324.1035 0009347  23.5202 336.6456 15.16715940 57865
SPACEBEE-111            
1 48904U 21059AB  22194.83563088  .00010517  00000+0  53274-3 0  9998
2 48904  97.5615 324.8096 0010395  21.3652 338.8013 15.17125956 57953
SPACEBEE-92             
1 48932U 21059BF  22194.83737597  .00028733  00000+0  11333-2 0  9995
2 48932  97.5472 326.4570 0013168  14.5271 345.6343 15.25440468 58097
SPACEBEE-89             
1 48933U 21059BG  22194.84409450  .00031285  00000+0  12032-2 0  9994
2 48933  97.5464 326.5836 0012879  13.9593 346.1998 15.26267506 58108
SPACEBEE-96             
1 48934U 21059BH  22194.62171428  .00026187  00000+0  10520-2 0  9997
2 48934  97.5475 326.1393 0013432  15.4799 344.6846 15.24843158 58056
SPACEBEE-88             
1 48935U 21059BJ  22194.83437476  .00031525  00000+0  12055-2 0  9996
2 48935  97.5457 326.5806 0012800  14.1785 345.9810 15.26457822 58101
SPACEBEE-99             
1 48936U 21059BK  22194.33123182  .00025525  00000+0  10427-2 0  9992
2 48936  97.5477 325.7748 0013649  16.9791 343.1900 15.24282721 58000
SPACEBEE-94             
1 48937U 21059BL  22194.33025012  .00028715  00000+0  11423-2 0  9997
2 48937  97.5465 325.8937 0013370  16.5716 343.5956 15.25152211 58010
SPACEBEE-93             
1 48939U 21059BN  22194.34581300  .00029731  00000+0  11548-2 0  9994
2 48939  97.5460 326.0225 0013124  16.4691 343.6970 15.25946625 58026
SPACEBEE-91             
1 48940U 21059BP  22194.33497792  .00030801  00000+0  11939-2 0  9990
2 48940  97.5460 326.0380 0013054  15.9961 344.1686 15.26008407 58024
SPACEBEE-95             
1 48945U 21059BU  22194.84163072  .00028606  00000+0  11302-2 0  9996
2 48945  97.5476 326.4617 0013194  14.1930 345.9676 15.25384634 58098
SPACEBEE-97             
1 48946U 21059BV  22194.83300086  .00025815  00000+0  10442-2 0  9997
2 48946  97.5479 326.3224 0013472  15.2514 344.9126 15.24614380 58085
SPACEBEE-90             
1 48947U 21059BW  22194.32766496  .00031562  00000+0  12195-2 0  9996
2 48947  97.5463 326.0453 0013011  15.9140 344.2505 15.26109333 58028
SPACEBEE-98             
1 48949U 21059BY  22194.83166733  .00025734  00000+0  10394-2 0  9995
2 48949  97.5490 326.3483 0013433  14.6375 345.5249 15.24664898 58085
SPACEBEE-121            
1 52009U 22026B   22194.42492228  .00008427  00000+0  44111-3 0  9993
2 52009  97.5000 193.9828 0027009 180.0017 180.1220 15.15758565 18128
SPACEBEE-114            
1 52010U 22026C   22194.42583706  .00009850  00000+0  51289-3 0  9992
2 52010  97.5024 194.0077 0026197 181.9226 178.1911 15.15916625 18131
SPACEBEE-126            
1 52011U 22026D   22194.69226767  .00009787  00000+0  51002-3 0  9995
2 52011  97.5009 194.2449 0026717 178.5568 181.5746 15.15877654 18164
SPACEBEE-118            
1 52012U 22026E   22194.47286695  .00010117  00000+0  52145-3 0  9996
2 52012  97.5020 194.0938 0025424 183.6939 176.4110 15.16283327 18147
SPACEBEE-120            
1 52013U 22026F   22194.47869871  .00009245  00000+0  47863-3 0  9991
2 52013  97.5009 194.0667 0027671 177.3653 182.7731 15.16103061 18137
SPACEBEE-122            
1 52014U 22026G   22194.47825298  .00010136  00000+0  52447-3 0  9992
2 52014  97.5012 194.0711 0026427 179.6811 180.4444 15.16123649 18131
SPACEBEE-119            
1 52015U 22026H   22194.42365412  .00008882  00000+0  46390-3 0  9990
2 52015  97.5020 194.0094 0027242 180.1775 179.9452 15.15813181 18124
SPACEBEE-115            
1 52016U 22026J   22194.74631887  .00009953  00000+0  51587-3 0  9992
2 52016  97.5024 194.3459 0026855 179.3211 180.8063 15.16059070 18175
SPACEBEENZ-14           
1 52018U 22026L   22194.72196435  .00011263  00000+0  57391-3 0  9993
2 52018  97.5020 194.3720 0026606 178.4314 181.7007 15.16628796 18177
SPACEBEENZ-11           
1 52019U 22026M   22194.45364008  .00012214  00000+0  62012-3 0  9990
2 52019  97.5018 194.1155 0026516 179.2362 180.8916 15.16737036 18095
SPACEBEE-127            
1 52020U 22026N   22194.81573680  .00009954  00000+0  51730-3 0  9992
2 52020  97.5011 194.3890 0026853 178.7256 181.4050 15.15963866 18130
SPACEBEE-125            
1 52021U 22026P   22194.46935797  .00010173  00000+0  52199-3 0  9990
2 52021  97.5007 194.0780 0028601 179.8171 180.3077 15.16363533 18001
SPACEBEE-117            
1 52022U 22026Q   22194.21979550  .00010344  00000+0  53702-3 0  9990
2 52022  97.5023 193.8225 0026854 180.8048 179.3146 15.15991089 17965
SPACEBEE-116            
1 52023U 22026R   22194.48056035  .00011433  00000+0  59106-3 0  9998
2 52023  97.5024 194.0881 0026823 180.3521 179.7698 15.16111635 18009
SPACEBEE-113            
1 52024U 22026S   22194.27763974  .00009535  00000+0  49272-3 0  9996
2 52024  97.5021 193.8941 0028675 177.8335 182.3027 15.16132978 17976
SPACEBEE-112            
1 52025U 22026T   22194.27240936  .00011499  00000+0  59103-3 0  9991
2 52025  97.5023 193.9015 0026711 180.3902 179.7315 15.16318284 17976
SPACEBEENZ-13           
1 52026U 22026U   22193.99521625  .00013219  00000+0  67257-3 0  9998
2 52026  97.5018 193.6543 0026532 180.9147 179.2042 15.16645071 17847
SPACEBEE-123            
1 52027U 22026V   22194.42122880  .00009330  00000+0  48692-3 0  9999
2 52027  97.5006 193.9917 0026864 180.0599 180.0635 15.15835969 17904
SPACEBEENZ-12           
1 52028U 22026W   22194.46314075  .00011083  00000+0  56706-3 0  9996
2 52028  97.5032 194.1119 0026636 179.7679 180.3571 15.16489964 18007
SPACEBEE-124            
1 52029U 22026X   22194.42261634  .00009113  00000+0  47564-3 0  9998
2 52029  97.5006 193.9896 0027049 180.1306 179.9924 15.15836640 16628
SPACEBEE-136            
1 52164U 22033H   22194.79312283  .00012840  00000+0  53808-3 0  9992
2 52164  97.3812 275.7904 0007194 284.8091  75.2349 15.23630437 15692
SPACEBEE-138            
1 52166U 22033K   22194.46968795  .00013242  00000+0  55627-3 0  9991
2 52166  97.3835 275.4897 0008630 274.6284  85.3967 15.23530538 15648
SPACEBEE-130            
1 52176U 22033V   22194.47084345  .00014896  00000+0  62405-3 0  9991
2 52176  97.3824 275.4718 0005402 279.0766  80.9859 15.23616695 15647
SPACEBEE-139            
1 52177U 22033W   22194.48766747  .00012183  00000+0  51842-3 0  9996
2 52177  97.3839 275.4663 0008252 282.5905  77.4409 15.23116715 15643
SPACEBEE-129            
1 52179U 22033Y   22194.49248322  .00013024  00000+0  55430-3 0  9995
2 52179  97.3825 275.4465 0006793 286.7010  73.3481 15.23105648 15649
SPACEBEE-134            
1 52180U 22033Z   22194.49039711  .00009777  00000+0  41902-3 0  9996
2 52180  97.3824 275.4540 0006718 287.6413  72.4090 15.22942544 15647
SPACEBEE-131            
1 52181U 22033AA  22194.15899271  .00013714  00000+0  58174-3 0  9990
2 52181  97.3832 275.1327 0006930 289.6875  70.3614 15.23204046 15599
SPACEBEE-128            
1 52182U 22033AB  22194.49154066  .00012031  00000+0  51177-3 0  9991
2 52182  97.3842 275.4666 0007180 286.4651  73.5796 15.23140085 15627
SPACEBEE-133            
1 52183U 22033AC  22194.48604457  .00012939  00000+0  54850-3 0  9993
2 52183  97.3827 275.4589 0006949 287.6144  72.4333 15.23240702 15630
SPACEBEE-132            
1 52185U 22033AE  22194.80661746  .00012765  00000+0  53822-3 0  9990
2 52185  97.3829 275.8001 0006750 301.6064  58.4513 15.23426395 15677
SPACEBEE-137            
1 52186U 22033AF  22194.48615667  .00012245  00000+0  52063-3 0  9995
2 52186  97.3832 275.4642 0007215 286.4627  73.5816 15.23151319 15643
SPACEBEE-135            
1 52187U 22033AG  22194.47733866  .00013380  00000+0  56399-3 0  9994
2 52187  97.3840 275.4858 0006552 281.2052  78.8449 15.23426264 15644
SPACEBEE-143            
1 52394U 22047A   22194.52783195  .00008921  00000+0  49785-3 0  9991
2 52394  97.4506 278.8464 0010557  88.8751 271.3690 15.13730052 12299
SPACEBEENZ-15           
1 52395U 22047B   22194.44758900  .00011989  00000+0  65869-3 0  9998
2 52395  97.4509 278.7997 0010630  87.8832 272.3616 15.14206396 12282
SPACEBEENZ-16           
1 52396U 22047C   22194.51366708  .00011718  00000+0  64385-3 0  9990
2 52396  97.4507 278.8640 0010649  88.0041 272.2410 15.14208384 12293
SPACEBEENZ-17           
1 52397U 22047D   22194.18381766  .00012430  00000+0  68323-3 0  9993
2 52397  97.4508 278.5400 0010690  88.9523 271.2933 15.14180554 12248
SPACEBEENZ-18           
1 52398U 22047E   22193.78771474  .00014120  00000+0  77581-3 0  9992
2 52398  97.4506 278.1516 0010630  90.3203 269.9247 15.14165015 12187
SPACEBEE-140            
1 52399U 22047F   22194.51935938  .00010643  00000+0  58878-3 0  9996
2 52399  97.4508 278.8574 0010573  87.3833 272.8609 15.13993875 12314
SPACEBEE-141            
1 52400U 22047G   22194.52338298  .00009447  00000+0  52529-3 0  9993
2 52400  97.4506 278.8523 0010587  86.8869 273.3574 15.13841411 12299
SPACEBEE-142            
1 52401U 22047H   22194.52597425  .00008658  00000+0  48298-3 0  9994
2 52401  97.4505 278.8481 0010637  87.5226 272.7224 15.13750190 12291
SPACEBEENZ-20           
1 52402U 22047J   22194.51755679  .00011111  00000+0  61233-3 0  9993
2 52402  97.4501 278.8517 0011432  90.2626 269.9916 15.14107683 12297
SPACEBEENZ-22           
1 52403U 22047K   22194.45267383  .00011616  00000+0  64084-3 0  9994
2 52403  97.4501 278.7854 0011425  90.0822 270.1719 15.14059787 12284
SPACEBEENZ-19           
1 52404U 22047L   22194.51688028  .00011640  00000+0  64088-3 0  9996
2 52404  97.4502 278.8530 0011485  90.1492 270.1056 15.14131180 12291
SPACEBEENZ-21           
1 52405U 22047M   22194.18747142  .00012145  00000+0  66918-3 0  9998
2 52405  97.4500 278.5279 0011402  91.3887 268.8651 15.14094194 12240
SPACEBEE-148            
1 52406U 22047N   22193.92800603  .00011912  00000+0  65993-3 0  9995
2 52406  97.4500 278.2632 0011356  91.5074 268.7459 15.13905513 12205
SPACEBEE-149            
1 52407U 22047P   22194.52933523  .00008265  00000+0  46223-3 0  9993
2 52407  97.4499 278.8356 0011396  89.5714 270.6823 15.13666949 12297
SPACEBEE-153            
1 52408U 22047Q   22193.92947190  .00011941  00000+0  66175-3 0  9995
2 52408  97.4529 278.2868 0011457 101.1837 259.0683 15.13891169 12209
SPACEBEE-150            
1 52409U 22047R   22194.19793795  .00008826  00000+0  49265-3 0  9995
2 52409  97.4500 278.5147 0011290  91.1742 269.0783 15.13719067 12242
SPACEBEE-144            
1 52410U 22047S   22194.19776761  .00008948  00000+0  49932-3 0  9997
2 52410  97.4507 278.5225 0010554  90.6932 269.5509 15.13730100 12247
SPACEBEE-145            
1 52411U 22047T   22194.79402105  .00008845  00000+0  49411-3 0  9990
2 52411  97.4505 279.1023 0010543  88.4881 271.7558 15.13694980 12339
SPACEBEE-146            
1 52412U 22047U   22194.79706737  .00007837  00000+0  43974-3 0  9997
2 52412  97.4502 279.0969 0010647  89.1667 271.0784 15.13576412 12333
SPACEBEE-151            
1 52413U 22047V   22194.46453578  .00008867  00000+0  49551-3 0  9995
2 52413  97.4500 278.7702 0011279  91.1504 269.1020 15.13675349 12282
SPACEBEE-152            
1 52414U 22047W   22194.26914415  .00008271  00000+0  46371-3 0  9992
2 52414  97.4498 278.5710 0011318  91.2355 269.0174 15.13579935 12255
SPACEBEE-147            
1 52415U 22047X   22194.20231805  .00008435  00000+0  47241-3 0  9991
2 52415  97.4506 278.5166 0010560  92.1929 268.0511 15.13618739 12245
SPACEBEE-155            
1 52416U 22047Y   22194.46949413  .00007187  00000+0  40447-3 0  9995
2 52416  97.4497 278.7627 0012029  94.6765 265.5841 15.13482690 12283
SPACEBEE-154            
1 52417U 22047Z   22194.27032730  .00007733  00000+0  43424-3 0  9995
2 52417  97.4499 278.5706 0011249  93.0204 267.2314 15.13546870 12258
