Norbi
1 46494U 20068J   22152.98976871  .00003147  00000+0  22617-3 0  9995
2 46494  97.7285  94.4592 0017601 341.0742  18.9828 15.04894057 91870
FEES
1 48082U 21022AL  22152.67073371  .00006931  00000+0  42586-3 0  9991
2 48082  97.5329  53.4707 0014693 179.4228 180.7021 15.10297502 64204
SATLLA-2B
1 51014U 22002AG  22153.11531406  .00006860  00000+0  35876-3 0  9992
2 51014  97.4973 220.8765 0014313 118.0551 242.2131 15.16091939 21119
FEES2
1 51441U 98067TD  22152.32232883  .00040195  00000+0  48218-3 0  9992
2 51441  51.6399  50.6850 0008182 163.4534 196.6728 15.60464743 19659
FossaSat-2E1
1 50985U 22002B   22153.14650221  .00010971  00000+0  54100-3 0  9997
2 50985  97.4899 221.0037 0014987 112.5011 247.7811 15.18000490 21135
FossaSat-2E2
1 50984U 22002A   22152.41892740  .00014416  00000+0  70753-3 0  9999
2 50984  97.4867 220.2196 0014528 113.5025 246.7737 15.18102350 21025
FossaSat-2E3
1 50990U 22002G   22152.42113674  .00010845  00000+0  53761-3 0  9991
2 50990  97.4856 220.2183 0015159 111.4264 248.8588 15.17816082 21029
FossaSat-2E4
1 50987U 22002D   22153.18892924  .00009909  00000+0  48194-3 0  9996
2 50987  97.4897 221.0976 0015062 114.4427 245.8380 15.18508581 21149
FossaSat-2E5
1 51001U 22002T   22153.15191113  .00010741  00000+0  52938-3 0  9990
2 51001  97.4901 221.0128 0014689 116.9290 243.3447 15.18028262 21130
FossaSat-2E6
1 50991U 22002H   22152.44205756  .00012242  00000+0  61028-3 0  9995
2 50991  97.4910 220.2814 0014735 117.0732 243.2007 15.17594339 21026
FossaSat-2E7
1 88301U          22147.53686187 +.00008423 +00000+0 +50288-3 0 0006
2 88301  97.5185 262.5460 0008394 254.9610 105.0691 15.1133747400027
FossaSat-2E8
1     0U 12345AAA 22146.28093063 +.00041620 +00000-0 +11110-4 0    05
2     0  97.5155 261.3126 0010624 229.3260 143.9354 15.12541601000007
FossaSat-2E9
1 88301U          22147.53686187 +.00008423 +00000+0 +50288-3 0 0006
2 88301  97.5185 262.5460 0008394 254.9610 105.0691 15.1133747400027
FossaSat-2E10
1 88301U          22147.53686187 +.00008423 +00000+0 +50288-3 0 0006
2 88301  97.5185 262.5460 0008394 254.9610 105.0691 15.1133747400027
FossaSat-2E11
1     0U 12345AAA 22146.28093063 +.00041620 +00000-0 +11110-4 0    05
2     0  97.5155 261.3126 0010624 229.3260 143.9354 15.12541601000007
FossaSat-2E12
1     0U 12345AAA 22146.28093063 +.00041620 +00000-0 +11110-4 0    05
2     0  97.5155 261.3126 0010624 229.3260 143.9354 15.12541601000007
FossaSat-2E13
1 88301U          22147.53686187 +.00008423 +00000+0 +50288-3 0 0006
2 88301  97.5185 262.5460 0008394 254.9610 105.0691 15.1133747400027
MDQubeSAT-1
1 70305U 12345AAA 22 17.44800789 +.00092914 +00000-0 +54953-2 0    08
2 70305  97.4801  87.0351 0006605 254.7696  59.4997 15.10234611000003
ThingSat
1 51087U 22002DH  22153.15132407  .00008285  00000+0  46224-3 0  9996
2 51087  97.4927 220.4532 0014775 123.4117 294.2967 15.13718925 21095
Gossamer
1 51083U 22002DD  22048.42405175  .00003339  00000-0  19624-3 0  9990
2 51083  97.4989 117.4900 0010799 123.7795 236.4466 15.12322704  5268
Grizu-263A
1 51025U 22002AT  22152.43933654  .00009669  00000+0  49946-3 0  9992
2 51025  97.4982 220.2636 0014574 119.6934 240.5752 15.16411443 21018
Platform-1
1 99393U          22148.52998122 +.00010211 +00000+0 +60828-3 0 00080
2 99393  97.5191 263.5226 0008417 251.0122 109.0196 15.11358886000424
